BotData 5-8-0-350-42-72-1600-2500-1
MODE 1
SIZE 11/30
LIMIT 0/20
COLOR LIMIT 5
STARS 900/1400/2200
0 0 0 0 0 0 0 0 0 0 0
0 0 0 0 0 0 0 0 0 0 0
0 0 0 9 9 0 0 9 9 0 0
0 0 0 4 2-Chain-2-1 2-Chain-2-1 2 2 0 0 0
0 0 0 4 2 1-Chain-4-2 1-Chain-4-2 4 2 0 0
0 0 4 10 2 7 4 10 3 0 0
0 0 0 1 2 3-Chain-3-2 3-Chain-3-2 4 3 0 0
0 0 0 1 1 1-Chain-1-1 1-Chain-1-1 3 0 0 0
0 0 0 9 9 0 0 9 9 0 0
0 0 0 0 0 0 0 0 0 0 0
0 0 0 0 0 0 0 0 0 0 0
0 0 0 0 0 0 0 0 0 0 0
0 0 0 0 0 0 0 0 0 0 0
0 0 0 0 0 0 0 0 0 0 0
0 0 0 0 0 0 0 0 0 0 0
0 0 0 0 0 0 0 0 0 0 0
0 0 0 0 0 0 0 0 0 0 0
0 0 0 0 0 0 0 0 0 0 0
0 0 0 0 0 0 0 0 0 0 0
0 0 0 0 0 0 0 0 0 0 0
0 0 0 0 0 0 0 0 0 0 0
0 0 0 0 0 0 0 0 0 0 0
0 0 0 0 0 0 0 0 0 0 0
0 0 0 0 0 0 0 0 0 0 0
0 0 0 0 0 0 0 0 0 0 0
0 0 0 0 0 0 0 0 0 0 0
0 0 0 0 0 0 0 0 0 0 0
0 0 0 0 0 0 0 0 0 0 0
0 0 0 0 0 0 0 0 0 0 0
0 0 0 0 0 0 0 0 0 0 0