BotData 3-5-0-350-30-50-1200-3200-1
MODE 1
SIZE 11/30
LIMIT 0/20
COLOR LIMIT 4
STARS 800/1000/1400
0 0 0 0 0 0 0 0 0 0 0
0 0 0 0 0 0 0 0 0 0 0
0 0 0 0 0 0 0 0 0 0 0
0 0 4 10 0 0 0 10 4 0 0
0 0 5-Chain-4-2 4 4 1-Chain-1-1 1-Chain-1-1 4 4 5-Chain-5-2 0
0 5-Chain-4-2 0 0 3--Chain-2-1 7 2-Chain-3-1 0 0 5-Chain-5-2 0
0 0 5-Chain-4-2 2 2 3-Chain-2-1 2-Chain-3-1 3 3 5-Chain-5-2 0
0 0 2 10 2 0 3 10 3 0 0
0 0 0 0 0 9 9 0 0 0 0
0 0 0 0 0 9 0 0 0 0 0
0 0 0 0 0 0 0 0 0 0 0
0 0 0 0 0 0 0 0 0 0 0
0 0 0 0 0 0 0 0 0 0 0
0 0 0 0 0 0 0 0 0 0 0
0 0 0 0 0 0 0 0 0 0 0
0 0 0 0 0 0 0 0 0 0 0
0 0 0 0 0 0 0 0 0 0 0
0 0 0 0 0 0 0 0 0 0 0
0 0 0 0 0 0 0 0 0 0 0
0 0 0 0 0 0 0 0 0 0 0
0 0 0 0 0 0 0 0 0 0 0
0 0 0 0 0 0 0 0 0 0 0
0 0 0 0 0 0 0 0 0 0 0
0 0 0 0 0 0 0 0 0 0 0
0 0 0 0 0 0 0 0 0 0 0
0 0 0 0 0 0 0 0 0 0 0
0 0 0 0 0 0 0 0 0 0 0
0 0 0 0 0 0 0 0 0 0 0
0 0 0 0 0 0 0 0 0 0 0
0 0 0 0 0 0 0 0 0 0 0