BotData 6-12-0-250-40-100-1700-4800-1
MODE 1
SIZE 11/30
LIMIT 0/38
COLOR LIMIT 4
STARS 350/800/1100
Fireball 5-10-2
0 0 0 0 0 0 0 0 0 0 0
0 0 0 0 0 5 0 0 0 0 0
0 0 0 0 0 9 9 0 0 0 0
0 0 0 0 9 9 9 0 0 0 0
0 0 0 0 9 4 9 9 0 0 0
0 0 0 3 9 7 9 2 0 0 0
0 0 0 0 9 9 9 9 0 0 0
0 0 0 0 9 9 9 0 0 0 0
0 0 0 0 0 9 9 0 0 0 0
0 0 0 0 0 1 0 0 0 0 0
0 0 0 0 0 0 0 0 0 0 0
0 0 0 0 0 0 0 0 0 0 0
0 0 0 0 0 0 0 0 0 0 0
0 0 0 0 0 0 0 0 0 0 0
0 0 0 0 0 0 0 0 0 0 0
0 0 0 0 0 0 0 0 0 0 0
0 0 0 0 0 0 0 0 0 0 0
0 0 0 0 0 0 0 0 0 0 0
0 0 0 0 0 0 0 0 0 0 0
0 0 0 0 0 0 0 0 0 0 0
0 0 0 0 0 0 0 0 0 0 0
0 0 0 0 0 0 0 0 0 0 0
0 0 0 0 0 0 0 0 0 0 0
0 0 0 0 0 0 0 0 0 0 0
0 0 0 0 0 0 0 0 0 0 0
0 0 0 0 0 0 0 0 0 0 0
0 0 0 0 0 0 0 0 0 0 0
0 0 0 0 0 0 0 0 0 0 0
0 0 0 0 0 0 0 0 0 0 0
0 0 0 0 0 0 0 0 0 0 0